3.000000 0.000000 0.000000
2.999543 0.052357 0.207912
2.998172 0.104698 0.406737
2.995889 0.157008 0.587785
2.992692 0.209269 0.743145
2.988584 0.261467 0.866025
2.983566 0.313585 0.951057
2.977638 0.365608 0.994522
2.970804 0.417519 0.994522
2.963065 0.469303 0.951057
2.954423 0.520945 0.866025
2.944882 0.572427 0.743145
2.934443 0.623735 0.587785
2.923110 0.674853 0.406737
2.910887 0.725766 0.207912
2.897777 0.776457 -0.000000
2.883785 0.826912 -0.207912
2.868914 0.877115 -0.406737
2.853170 0.927051 -0.587785
2.836556 0.976704 -0.743145
2.819078 1.026060 -0.866025
2.800741 1.075104 -0.951057
2.781552 1.123820 -0.994522
2.761515 1.172193 -0.994522
2.740636 1.220210 -0.951057
2.718923 1.267855 -0.866025
2.696382 1.315113 -0.743145
2.673020 1.361971 -0.587785
2.648843 1.408415 -0.406737
2.623859 1.454429 -0.207912
2.598076 1.500000 0.000000
2.571502 1.545114 0.207912
2.544144 1.589758 0.406737
2.516012 1.633917 0.587785
2.487113 1.677579 0.743145
2.457456 1.720729 0.866025
2.427051 1.763356 0.951057
2.395907 1.805445 0.994522
2.364032 1.846984 0.994522
2.331438 1.887961 0.951057
2.298133 1.928363 0.866025
2.264129 1.968177 0.743145
2.229434 2.007392 0.587785
2.194061 2.045995 0.406737
2.158019 2.083975 0.207912
2.121320 2.121320 -0.000000
2.083975 2.158019 -0.207912
2.045995 2.194061 -0.406737
2.007392 2.229434 -0.587785
1.968177 2.264129 -0.743145
1.928363 2.298133 -0.866025
1.887961 2.331438 -0.951057
1.846984 2.364032 -0.994522
1.805445 2.395907 -0.994522
1.763356 2.427051 -0.951057
1.720729 2.457456 -0.866025
1.677579 2.487113 -0.743145
1.633917 2.516012 -0.587785
1.589758 2.544144 -0.406737
1.545114 2.571502 -0.207912
1.500000 2.598076 0.000000
1.454429 2.623859 0.207912
1.408415 2.648843 0.406737
1.361971 2.673020 0.587785
1.315113 2.696382 0.743145
1.267855 2.718923 0.866025
1.220210 2.740636 0.951057
1.172193 2.761515 0.994522
1.123820 2.781552 0.994522
1.075104 2.800741 0.951057
1.026060 2.819078 0.866025
0.976704 2.836556 0.743145
0.927051 2.853170 0.587785
0.877115 2.868914 0.406737
0.826912 2.883785 0.207912
0.776457 2.897777 -0.000000
0.725766 2.910887 -0.207912
0.674853 2.923110 -0.406737
0.623735 2.934443 -0.587785
0.572427 2.944882 -0.743145
0.520945 2.954423 -0.866025
0.469303 2.963065 -0.951057
0.417519 2.970804 -0.994522
0.365608 2.977638 -0.994522
0.313585 2.983566 -0.951057
0.261467 2.988584 -0.866025
0.209269 2.992692 -0.743145
0.157008 2.995889 -0.587785
0.104698 2.998172 -0.406737
0.052357 2.999543 -0.207912
-0.000000 3.000000 0.000000
-0.052357 2.999543 0.207912
-0.104698 2.998172 0.406737
-0.157008 2.995889 0.587785
-0.209269 2.992692 0.743145
-0.261467 2.988584 0.866025
-0.313585 2.983566 0.951057
-0.365608 2.977638 0.994522
-0.417519 2.970804 0.994522
-0.469303 2.963065 0.951057
-0.520945 2.954423 0.866025
-0.572427 2.944882 0.743145
-0.623735 2.934443 0.587785
-0.674853 2.923110 0.406737
-0.725766 2.910887 0.207912
-0.776457 2.897777 -0.000000
-0.826912 2.883785 -0.207912
-0.877115 2.868914 -0.406737
-0.927051 2.853170 -0.587785
-0.976704 2.836556 -0.743145
-1.026060 2.819078 -0.866025
-1.075104 2.800741 -0.951057
-1.123820 2.781552 -0.994522
-1.172193 2.761515 -0.994522
-1.220210 2.740636 -0.951057
-1.267855 2.718923 -0.866025
-1.315113 2.696382 -0.743145
-1.361971 2.673020 -0.587785
-1.408415 2.648843 -0.406737
-1.454429 2.623859 -0.207912
-1.500000 2.598076 0.000000
-1.545114 2.571502 0.207912
-1.589758 2.544144 0.406737
-1.633917 2.516012 0.587785
-1.677579 2.487113 0.743145
-1.720729 2.457456 0.866025
-1.763356 2.427051 0.951057
-1.805445 2.395907 0.994522
-1.846984 2.364032 0.994522
-1.887961 2.331438 0.951057
-1.928363 2.298133 0.866025
-1.968177 2.264129 0.743145
-2.007392 2.229434 0.587785
-2.045995 2.194061 0.406737
-2.083975 2.158019 0.207912
-2.121320 2.121320 -0.000000
-2.158019 2.083975 -0.207912
-2.194061 2.045995 -0.406737
-2.229434 2.007392 -0.587785
-2.264129 1.968177 -0.743145
-2.298133 1.928363 -0.866025
-2.331438 1.887961 -0.951057
-2.364032 1.846984 -0.994522
-2.395907 1.805445 -0.994522
-2.427051 1.763356 -0.951057
-2.457456 1.720729 -0.866025
-2.487113 1.677579 -0.743145
-2.516012 1.633917 -0.587785
-2.544144 1.589758 -0.406737
-2.571502 1.545114 -0.207912
-2.598076 1.500000 0.000000
-2.623859 1.454429 0.207912
-2.648843 1.408415 0.406737
-2.673020 1.361971 0.587785
-2.696382 1.315113 0.743145
-2.718923 1.267855 0.866025
-2.740636 1.220210 0.951057
-2.761515 1.172193 0.994522
-2.781552 1.123820 0.994522
-2.800741 1.075104 0.951057
-2.819078 1.026060 0.866025
-2.836556 0.976704 0.743145
-2.853170 0.927051 0.587785
-2.868914 0.877115 0.406737
-2.883785 0.826912 0.207912
-2.897777 0.776457 -0.000000
-2.910887 0.725766 -0.207912
-2.923110 0.674853 -0.406737
-2.934443 0.623735 -0.587785
-2.944882 0.572427 -0.743145
-2.954423 0.520945 -0.866025
-2.963065 0.469303 -0.951057
-2.970804 0.417519 -0.994522
-2.977638 0.365608 -0.994522
-2.983566 0.313585 -0.951057
-2.988584 0.261467 -0.866025
-2.992692 0.209269 -0.743145
-2.995889 0.157008 -0.587785
-2.998172 0.104698 -0.406737
-2.999543 0.052357 -0.207912
-3.000000 -0.000000 0.000000
-2.999543 -0.052357 0.207912
-2.998172 -0.104698 0.406737
-2.995889 -0.157008 0.587785
-2.992692 -0.209269 0.743145
-2.988584 -0.261467 0.866025
-2.983566 -0.313585 0.951057
-2.977638 -0.365608 0.994522
-2.970804 -0.417519 0.994522
-2.963065 -0.469303 0.951057
-2.954423 -0.520945 0.866025
-2.944882 -0.572427 0.743145
-2.934443 -0.623735 0.587785
-2.923110 -0.674853 0.406737
-2.910887 -0.725766 0.207912
-2.897777 -0.776457 -0.000000
-2.883785 -0.826912 -0.207912
-2.868914 -0.877115 -0.406737
-2.853170 -0.927051 -0.587785
-2.836556 -0.976704 -0.743145
-2.819078 -1.026060 -0.866025
-2.800741 -1.075104 -0.951057
-2.781552 -1.123820 -0.994522
-2.761515 -1.172193 -0.994522
-2.740636 -1.220210 -0.951057
-2.718923 -1.267855 -0.866025
-2.696382 -1.315113 -0.743145
-2.673020 -1.361971 -0.587785
-2.648843 -1.408415 -0.406737
-2.623859 -1.454429 -0.207912
-2.598076 -1.500000 0.000000
-2.571502 -1.545114 0.207912
-2.544144 -1.589758 0.406737
-2.516012 -1.633917 0.587785
-2.487113 -1.677579 0.743145
-2.457456 -1.720729 0.866025
-2.427051 -1.763356 0.951057
-2.395907 -1.805445 0.994522
-2.364032 -1.846984 0.994522
-2.331438 -1.887961 0.951057
-2.298133 -1.928363 0.866025
-2.264129 -1.968177 0.743145
-2.229434 -2.007392 0.587785
-2.194061 -2.045995 0.406737
-2.158019 -2.083975 0.207912
-2.121320 -2.121320 -0.000000
-2.083975 -2.158019 -0.207912
-2.045995 -2.194061 -0.406737
-2.007392 -2.229434 -0.587785
-1.968177 -2.264129 -0.743145
-1.928363 -2.298133 -0.866025
-1.887961 -2.331438 -0.951057
-1.846984 -2.364032 -0.994522
-1.805445 -2.395907 -0.994522
-1.763356 -2.427051 -0.951057
-1.720729 -2.457456 -0.866025
-1.677579 -2.487113 -0.743145
-1.633917 -2.516012 -0.587785
-1.589758 -2.544144 -0.406737
-1.545114 -2.571502 -0.207912
-1.500000 -2.598076 0.000000
-1.454429 -2.623859 0.207912
-1.408415 -2.648843 0.406737
-1.361971 -2.673020 0.587785
-1.315113 -2.696382 0.743145
-1.267855 -2.718923 0.866025
-1.220210 -2.740636 0.951057
-1.172193 -2.761515 0.994522
-1.123820 -2.781552 0.994522
-1.075104 -2.800741 0.951057
-1.026060 -2.819078 0.866025
-0.976704 -2.836556 0.743145
-0.927051 -2.853170 0.587785
-0.877115 -2.868914 0.406737
-0.826912 -2.883785 0.207912
-0.776457 -2.897777 -0.000000
-0.725766 -2.910887 -0.207912
-0.674853 -2.923110 -0.406737
-0.623735 -2.934443 -0.587785
-0.572427 -2.944882 -0.743145
-0.520945 -2.954423 -0.866025
-0.469303 -2.963065 -0.951057
-0.417519 -2.970804 -0.994522
-0.365608 -2.977638 -0.994522
-0.313585 -2.983566 -0.951057
-0.261467 -2.988584 -0.866025
-0.209269 -2.992692 -0.743145
-0.157008 -2.995889 -0.587785
-0.104698 -2.998172 -0.406737
-0.052357 -2.999543 -0.207912
0.000000 -3.000000 0.000000
0.052357 -2.999543 0.207912
0.104698 -2.998172 0.406737
0.157008 -2.995889 0.587785
0.209269 -2.992692 0.743145
0.261467 -2.988584 0.866025
0.313585 -2.983566 0.951057
0.365608 -2.977638 0.994522
0.417519 -2.970804 0.994522
0.469303 -2.963065 0.951057
0.520945 -2.954423 0.866025
0.572427 -2.944882 0.743145
0.623735 -2.934443 0.587785
0.674853 -2.923110 0.406737
0.725766 -2.910887 0.207912
0.776457 -2.897777 -0.000000
0.826912 -2.883785 -0.207912
0.877115 -2.868914 -0.406737
0.927051 -2.853170 -0.587785
0.976704 -2.836556 -0.743145
1.026060 -2.819078 -0.866025
1.075104 -2.800741 -0.951057
1.123820 -2.781552 -0.994522
1.172193 -2.761515 -0.994522
1.220210 -2.740636 -0.951057
1.267855 -2.718923 -0.866025
1.315113 -2.696382 -0.743145
1.361971 -2.673020 -0.587785
1.408415 -2.648843 -0.406737
1.454429 -2.623859 -0.207912
1.500000 -2.598076 0.000000
1.545114 -2.571502 0.207912
1.589758 -2.544144 0.406737
1.633917 -2.516012 0.587785
1.677579 -2.487113 0.743145
1.720729 -2.457456 0.866025
1.763356 -2.427051 0.951057
1.805445 -2.395907 0.994522
1.846984 -2.364032 0.994522
1.887961 -2.331438 0.951057
1.928363 -2.298133 0.866025
1.968177 -2.264129 0.743145
2.007392 -2.229434 0.587785
2.045995 -2.194061 0.406737
2.083975 -2.158019 0.207912
2.121320 -2.121320 -0.000000
2.158019 -2.083975 -0.207912
2.194061 -2.045995 -0.406737
2.229434 -2.007392 -0.587785
2.264129 -1.968177 -0.743145
2.298133 -1.928363 -0.866025
2.331438 -1.887961 -0.951057
2.364032 -1.846984 -0.994522
2.395907 -1.805445 -0.994522
2.427051 -1.763356 -0.951057
2.457456 -1.720729 -0.866025
2.487113 -1.677579 -0.743145
2.516012 -1.633917 -0.587785
2.544144 -1.589758 -0.406737
2.571502 -1.545114 -0.207912
2.598076 -1.500000 0.000000
2.623859 -1.454429 0.207912
2.648843 -1.408415 0.406737
2.673020 -1.361971 0.587785
2.696382 -1.315113 0.743145
2.718923 -1.267855 0.866025
2.740636 -1.220210 0.951057
2.761515 -1.172193 0.994522
2.781552 -1.123820 0.994522
2.800741 -1.075104 0.951057
2.819078 -1.026060 0.866025
2.836556 -0.976704 0.743145
2.853170 -0.927051 0.587785
2.868914 -0.877115 0.406737
2.883785 -0.826912 0.207912
2.897777 -0.776457 -0.000000
2.910887 -0.725766 -0.207912
2.923110 -0.674853 -0.406737
2.934443 -0.623735 -0.587785
2.944882 -0.572427 -0.743145
2.954423 -0.520945 -0.866025
2.963065 -0.469303 -0.951057
2.970804 -0.417519 -0.994522
2.977638 -0.365608 -0.994522
2.983566 -0.313585 -0.951057
2.988584 -0.261467 -0.866025
2.992692 -0.209269 -0.743145
2.995889 -0.157008 -0.587785
2.998172 -0.104698 -0.406737
2.999543 -0.052357 -0.207912
3.000000 0.000000 0.000000
